1.116844804827437976e+01
1.136886851204322646e+01
1.086830973860433858e+01
1.122593303549283306e+01
1.114754639814900727e+01
1.075770052782150543e+01
1.084611344579760583e+01
1.063471249272342334e+01
1.072105146709894363e+01
1.075503994780792993e+01
1.075086571290226267e+01
1.063138199828081731e+01
1.056492003416618708e+01
1.028102487548287058e+01
1.039502789081602430e+01
1.056384606163647888e+01
1.065926074470542417e+01
1.036020201943104802e+01
1.071998061895633292e+01
1.049450439555677228e+01
1.036634511197797970e+01
9.709663654069384364e+00
1.042353688708287329e+01
1.029469089608674537e+01
1.061855689508597855e+01
1.079647390322913481e+01
1.015904134137607429e+01
1.062202879661423616e+01
1.008839906122087982e+01
1.053631957100749439e+01
1.041444529581304224e+01
1.039652927470068455e+01
1.049110702149454610e+01
1.055413971875058188e+01
9.914058812286761224e+00
1.016827494796551790e+01
1.026364609332501132e+01
1.001672268022683809e+01
9.810508539136545636e+00
9.486523565123507140e+00
1.022970945793911035e+01
1.021516231428589450e+01
9.894197038806282762e+00
1.028174016233829136e+01
9.684164543752993737e+00
1.010735400764462710e+01
1.011557022528831240e+01
1.018799181443128354e+01
9.467744534868399953e+00
9.499698611879056287e+00
1.023035424150425143e+01
9.306138526881870376e+00
9.726708164306964832e+00
1.015703266908567848e+01
1.008117078165856739e+01
1.027990475705220241e+01
9.466449861330010762e+00
9.437747711197639333e+00
9.432811316092635678e+00
1.034892489783731762e+01
1.041555513751832152e+01
9.457882348430375785e+00
1.028571183442537773e+01
1.018933766253611140e+01
1.024013112495488365e+01
1.007557369403163428e+01
9.735035728839305236e+00
9.111985785074674382e+00
9.984525289673326753e+00
1.003814891228693540e+01
9.856207390826517312e+00
9.779800992476031851e+00
9.455134317608910877e+00
9.754510471554205253e+00
9.228807627325885221e+00
8.907102396441022307e+00
9.114871401449804011e+00
9.152935481164247378e+00
1.004676772087975678e+01
9.033641226333687158e+00
9.529709862357698569e+00
1.009432604535854061e+01
9.683398740236544455e+00
9.553758508278056283e+00
8.909666934476849320e+00
9.790664717510097148e+00
9.670095429107965046e+00
9.299069445587559102e+00
8.953562199841901048e+00
9.405489454672137484e+00
9.317754033383693013e+00
9.064425869131344626e+00
9.345886373940592406e+00
8.433864087569155288e+00
9.360819309699373036e+00
8.459138405542105943e+00
9.148438444070242426e+00
9.490449679403157646e+00
9.344918840846899499e+00
9.761613113696467892e+00
8.708334463503135225e+00
9.522601819520703614e+00
9.065460346694868221e+00
9.422739117962521505e+00
9.463818317471233144e+00
8.961480920764055114e+00
9.663761083582404154e+00
9.686266145921933912e+00
9.163119299422071151e+00
8.415569165358265380e+00
9.076444493074284026e+00
9.346726213051173460e+00
9.729120705196754315e+00
9.479139820917106718e+00
9.567306342147974263e+00
9.203581291748175630e+00
9.500504730424099264e+00
8.836478274905843477e+00
9.047671343198748772e+00
8.843384156698583354e+00
9.154226432370050404e+00
9.621820859977631812e+00
9.624761647627554595e+00
9.083634655743104247e+00
8.586395942679528659e+00
9.156281449737353029e+00
9.394499372269137893e+00
8.711454484255208186e+00
8.446888180602252660e+00
8.889374973656163803e+00
8.750090300433427615e+00
8.781611290847797235e+00
8.867213798304094396e+00
9.124605479015652776e+00
9.610279312020715281e+00
8.798971267628658666e+00
9.383722586750502970e+00
8.003649460106295521e+00
8.845929479358046521e+00
9.279618959036232795e+00
9.263432617042436590e+00
8.190039331751615137e+00
9.248307098897596390e+00
8.055289199620291996e+00
9.556919567640157709e+00
8.772122023076423858e+00
8.975888910750086325e+00
9.120907768723549580e+00
9.072427877124274787e+00
8.805402467208930162e+00
8.200641740138296498e+00
9.183214598664076078e+00
9.232692269986115363e+00
8.349006390004737099e+00
8.902574216796132589e+00
9.380716038475442886e+00
9.471538525186691260e+00
8.880333784319937251e+00
8.745899375115802954e+00
8.323700388565413277e+00
8.364279589668582204e+00
8.732006687310139625e+00
8.609294818172646302e+00
8.605005018708069997e+00
8.929778215905368910e+00
9.122676771149972552e+00
8.656512966651266794e+00
8.773764843213509579e+00
9.183611880721128884e+00
8.869574491651672332e+00
8.470767499238439413e+00
8.508628262293877142e+00
8.584482809869159681e+00
8.442370497421753939e+00
8.630860470043431931e+00
8.438709363253819262e+00
9.310318225137564241e+00
8.153961498584266110e+00
9.183939486864543866e+00
8.895783621214517822e+00
8.038541550470291952e+00
8.929159802973485327e+00
8.544185303049520286e+00
9.121730050340948637e+00
8.696285868380391193e+00
9.255336549457016559e+00
8.687618858236454855e+00
9.049330694758108251e+00
8.245954827454790248e+00
8.598216185579467208e+00
8.489404431878122992e+00
8.674974135363692440e+00
8.849011922828067256e+00
8.977407335288738466e+00
8.977719546622534352e+00
8.153530252751302498e+00
8.218002528122458017e+00
8.609936132541450959e+00
9.048162681704413401e+00
8.539743553146259103e+00
8.878781851199116559e+00
9.011964897332061852e+00
8.601518789597335513e+00
8.374946179293107917e+00
8.374501478054277470e+00
8.810083115596681225e+00
8.794061245475536026e+00
8.365144812897424842e+00
8.185417810903521385e+00
8.712977932741194920e+00
8.950612966023607342e+00
8.752135309922143946e+00
8.009106983760153398e+00
8.280805135555498353e+00
8.275165648953818121e+00
9.116830210778408272e+00
8.017961885185911797e+00
8.464843226334295423e+00
8.248118889710967849e+00
8.060204003748518531e+00
8.310478736881055539e+00
8.011878961284969236e+00
8.204301773711229373e+00
8.914633155399378950e+00
8.980298688872089485e+00
8.159837801849015193e+00
8.844308125473146376e+00
8.549211929280742694e+00
8.055958792438977056e+00
8.418241206819141453e+00
8.330677636427610722e+00
8.737019475101496013e+00
8.518046218504569111e+00
8.909813716068665457e+00
8.386500902103797728e+00
8.336927107577787766e+00
8.979010030525463648e+00
9.070784336724992514e+00
8.287345204307921875e+00
8.299384042142737172e+00
8.966437437302390734e+00
8.350939742437555324e+00
8.852257877703380018e+00
8.579766168879569221e+00
8.572367344094242725e+00
8.101270997948352814e+00
8.925911263358171865e+00
8.201987729489337298e+00
8.361569432277065061e+00
8.002507599219072176e+00
8.197461626415670111e+00
8.007211515953024161e+00
8.179669654691034353e+00
8.052385655917364105e+00
8.173948763002679030e+00
8.062393994776320127e+00
8.260365901071928363e+00
8.791017737687489841e+00
8.245985406121778993e+00
8.183604221682976743e+00
8.830959154779096210e+00
8.430351005397323405e+00
8.073833237773996530e+00
8.639398837659866714e+00
8.141095002965229810e+00
8.644518756312484342e+00
8.187212924657524482e+00
8.580686183592321825e+00
8.227877973142835089e+00
8.188809556932508116e+00
8.472552912250595369e+00
8.532796458277113416e+00
8.059575699130071769e+00
8.718923697619047175e+00
8.115787115163138665e+00
8.093111222543356575e+00
8.266981264214001257e+00
8.255233610772897634e+00
8.033951913203999595e+00
8.277077476006907020e+00
8.397697881499622596e+00
8.446954087087226171e+00
8.118003663987138907e+00
8.160304750882458436e+00
8.700908903555061968e+00
8.348804399105011598e+00
8.153340000585165726e+00
8.204287218703896656e+00
8.564046367765417500e+00
8.722469405266627618e+00
8.118170448288660523e+00
8.473984944973279809e+00
8.387027667909265460e+00
8.383365903947614939e+00
8.181593737654694110e+00
8.236441880832018114e+00
8.000441485600125802e+00
8.231859862637538328e+00
8.407653838406199398e+00
8.466984093756190433e+00
8.359488777046761854e+00
8.311470692437771035e+00
8.241846355873962082e+00
8.608255592703740078e+00
8.687923426519423842e+00
8.425132265911923213e+00
8.741394545819794359e+00
8.243050207525209672e+00
8.276192021957234246e+00
8.157386395346092556e+00
8.083373487596702489e+00
8.241633594632805426e+00
8.218486355655294062e+00
8.388293956781419425e+00
8.341492398621806359e+00
8.341499657752825314e+00
8.290379173523021450e+00
8.844658914094623015e+00
8.484435300072515673e+00
8.202721022517000193e+00
8.194190968796680963e+00
8.420141641507829178e+00
8.186428305729727128e+00
8.003271836136915951e+00
8.033550668846860532e+00
8.178118048801762185e+00
8.056760325912414089e+00
8.157623589494360061e+00
8.179790116491417962e+00
8.461059729849656819e+00
8.140616843436506045e+00
8.676741218123128263e+00
8.337346801357792714e+00
8.023794674227865187e+00
8.229439457133203462e+00
8.160643555038143759e+00
8.304368665180971831e+00
8.058378699567953163e+00
8.105468331994764242e+00
8.367187808511664215e+00
8.186854752794173962e+00
8.322982908079151088e+00
8.137960837100193245e+00
8.069781119237664058e+00
8.131237230391514359e+00
8.271341246213189891e+00
8.147629782645385177e+00
8.410150177619213352e+00
8.322188162967725233e+00
8.163488355625910131e+00
8.337110540874700604e+00
8.143030299154508711e+00
8.004530788888384762e+00
8.191628981899057749e+00
8.308864270070095870e+00
8.007020446785141132e+00
8.368383814984866831e+00
8.156747962152719467e+00
8.066061873166322727e+00
8.174192738171793593e+00
8.866178234161800731e+00
8.921075272841163084e+00
8.276860686148356905e+00
8.688394782282344408e+00
8.661634138920828008e+00
8.333400494290861715e+00
8.225122352052986585e+00
1.147403381063807970e+01
1.125130518386243494e+01
1.109707247194778112e+01
1.052622085019667431e+01
1.052799256836331310e+01
1.121069699547664378e+01
1.069423310161521812e+01
1.085499555108052228e+01
1.107208372007958275e+01
1.085307347488150498e+01
1.070437117211261224e+01
1.092045074396931170e+01
1.088172033788485038e+01
1.056705676153584150e+01
1.092804461447828501e+01
1.045766853385064188e+01
1.034699005362693569e+01
1.085653777806670206e+01
1.083188669841794294e+01
1.039373739589780499e+01
1.092960239106359310e+01
1.088836936874675132e+01
1.087082865049531577e+01
1.038625408053485799e+01
1.080103258765524110e+01
1.033866264326877982e+01
1.070396896525969588e+01
1.071316958512039363e+01
1.060643758886983967e+01
1.037573196933631792e+01
1.071039118521744093e+01
1.050752804514403138e+01
1.051922350771250514e+01
1.014860956512802304e+01
9.763302683829314432e+00
1.030705470051950456e+01
1.046355416377199710e+01
1.060350507602630721e+01
1.019476391609039112e+01
1.059241199408273104e+01
1.051728539091971548e+01
1.059601361290309285e+01
1.050963962545111663e+01
1.042793427753477964e+01
1.045016889920675318e+01
1.050204124051291288e+01
1.053187267419781925e+01
1.018728955746950682e+01
1.037344832552918383e+01
1.010021918526504692e+01
9.935122884579110192e+00
1.007407887935742608e+01
9.850587443987301128e+00
1.024385994135389666e+01
1.016873154648200384e+01
1.023603407985331337e+01
1.035350453094609335e+01
9.898205154910058923e+00
1.025806461959968985e+01
1.020563329648550877e+01
9.649564327915253870e+00
9.822759878936933475e+00
1.032272486640447084e+01
9.992623235077815025e+00
1.008108625552848103e+01
1.028403360545999234e+01
1.041076099578588376e+01
9.900605093231922282e+00
1.034363650332124251e+01
9.803465321911254193e+00
9.700521113999659661e+00
9.500996790718650331e+00
1.012578373803536280e+01
9.914556645400287138e+00
1.033487737256153416e+01
9.919384615013930429e+00
1.015667712281182489e+01
1.006097533029917557e+01
1.011438146432623064e+01
1.001547103642259096e+01
1.024100005728869967e+01
1.013597119450545136e+01
1.010476487431233039e+01
1.007962528258866897e+01
9.881506437223581685e+00
9.521337507073520001e+00
9.679617627037302441e+00
1.017874335945154129e+01
9.979558222548206459e+00
9.886918966412014953e+00
9.817648972323269163e+00
9.590894838891138363e+00
9.331417058831476652e+00
9.404373348188530102e+00
9.922430474534067457e+00
1.012327407239211219e+01
9.022633260853515580e+00
1.003259198922779838e+01
9.926142449756842012e+00
8.908705314585656510e+00
9.528951544762922055e+00
9.612845722302875373e+00
9.881270880487013741e+00
1.000517845103450121e+01
9.162027669940535191e+00
9.033765213415229312e+00
8.975358243122622426e+00
1.003892781679537372e+01
1.005442215623043012e+01
9.858334258954055684e+00
9.114421316532688166e+00
8.891537124909810075e+00
9.584064298199006515e+00
9.619129926865927160e+00
9.770225099642161126e+00
9.601492530379928780e+00
9.399860120674670583e+00
9.273763996372036189e+00
9.817799465646290358e+00
9.530138703524313470e+00
9.472494839284188117e+00
9.477697628714507161e+00
9.965321035826425700e+00
9.429363758619949465e+00
9.483789808765658691e+00
9.050165364584197292e+00
9.257632757720926975e+00
9.342930452473158454e+00
9.403437979091364696e+00
9.985429207975299093e+00
8.736365409740848520e+00
9.346109093747315910e+00
9.180458896373831834e+00
9.314995218579248615e+00
9.557243818303735594e+00
9.306616031658549559e+00
9.653281123428961052e+00
9.827823266933330970e+00
9.447134180465489806e+00
9.185896829649111694e+00
8.781444014034285317e+00
9.371235729519934665e+00
9.252540781122114311e+00
9.746163379225535550e+00
8.780565449340116402e+00
8.637134144347294651e+00
8.740585396435896826e+00
9.534849787108488073e+00
8.959325644975955072e+00
9.145591728303200441e+00
9.003803521102106799e+00
8.333536298928539310e+00
9.588308733888997182e+00
9.684199521800538335e+00
9.166708279103142232e+00
9.610310998194936616e+00
9.711171716644964036e+00
9.506237595927089501e+00
8.985269098717783010e+00
9.309282272469713959e+00
9.202187580012672896e+00
8.296690190680793719e+00
8.640215075352314145e+00
9.620420237582418821e+00
9.755313306789101802e+00
8.913230486019703136e+00
9.042582306620591481e+00
9.036682906169405172e+00
8.796767206340549095e+00
9.278509244976751447e+00
9.144059498988196921e+00
8.054996584853196140e+00
8.901848387635821425e+00
9.523993425912982147e+00
9.088815020030693859e+00
8.232679914243517416e+00
9.419791119146271541e+00
8.800430097244079874e+00
8.540087270738290215e+00
8.284535775476774333e+00
9.380158243429319143e+00
9.337476342123370188e+00
8.415882272031401712e+00
9.419683633424275726e+00
9.327326999063512147e+00
9.164530690368474453e+00
9.379888130454295592e+00
9.302850752559230330e+00
9.237992813967847994e+00
8.354285345044914379e+00
9.385770055297729897e+00
8.975894007217336323e+00
9.269212134740500986e+00
9.032450575199934661e+00
9.448193761331179275e+00
8.213024376305613217e+00
9.459366447492065788e+00
8.119067493952613290e+00
8.930695704279063563e+00
8.459970990020744708e+00
8.191246339012161926e+00
8.110367932035542182e+00
8.475778764399812815e+00
8.815207884069108601e+00
9.042662736859082173e+00
8.481846278155806829e+00
9.326687737960241975e+00
9.120150329867271921e+00
9.345160677809682070e+00
8.889897092326300765e+00
8.282647330412892472e+00
9.291455300504464887e+00
9.410778176329129607e+00
9.377891489206692910e+00
8.784001579260479531e+00
9.326930490022634856e+00
8.629278766175945137e+00
8.778898432401920360e+00
8.475727667661471898e+00
8.973859086578547917e+00
8.937354607670256357e+00
9.054004217706690838e+00
8.490323965397214678e+00
9.103682186248494901e+00
9.203909153375485985e+00
9.137278015579761714e+00
8.824116206247714089e+00
8.979224569143857693e+00
8.057597011904148232e+00
8.260820093097461125e+00
8.828854772074258506e+00
8.831048160245051903e+00
8.131526370750469468e+00
8.630660340510232231e+00
8.591820168806361124e+00
8.998659830395100201e+00
8.413805363537690596e+00
8.003920187401435626e+00
8.760607789619349717e+00
8.079118080770237853e+00
8.035329679836953787e+00
8.558676904332234159e+00
8.781286577995334852e+00
9.051653403102408291e+00
9.154240860096441779e+00
8.970620103574821869e+00
8.206088128574245744e+00
8.177818261038837022e+00
8.357885818650105492e+00
8.736506107445984881e+00
8.912176334753063145e+00
8.979549994229277132e+00
8.966110569112821338e+00
9.126612552040324289e+00
8.424674601141243002e+00
8.547302488301056655e+00
8.260833049090839708e+00
8.598443213826978848e+00
9.051904192603522858e+00
8.350563806609274664e+00
8.100611105556794200e+00
9.320559039966926917e+00
8.878251627837800086e+00
8.745356101136383842e+00
8.072174410583686566e+00
8.440575526461451261e+00
8.046020135907397730e+00
8.090230654240441410e+00
8.716434923501878984e+00
8.790868579364627067e+00
8.908506591261453167e+00
8.783996338290162242e+00
8.027162318510074002e+00
8.458493124602357582e+00
8.396691099869578068e+00
8.336275212754594932e+00
8.233209522801377744e+00
8.689133180207415208e+00
8.319280827552530511e+00
9.183246131488498776e+00
8.809835470357482379e+00
8.563277314248448846e+00
8.615742760384781818e+00
8.067266908322649144e+00
8.506476598358730712e+00
8.023988954485172798e+00
8.566720865409214625e+00
8.074589740726576537e+00
8.937879717181070660e+00
8.094335746617558058e+00
8.594952499390142719e+00
8.111916171701164302e+00
9.203956982103663975e+00
8.076718280379823867e+00
8.498747526110387085e+00
8.263222002802409705e+00
9.115126802006978224e+00
8.155253917464095892e+00
8.099939251898904402e+00
8.370921697893326296e+00
8.745959780853066690e+00
8.250290906232793375e+00
8.438348174343138552e+00
8.679627451719372999e+00
8.176494424864822363e+00
8.524094546337828149e+00
8.810867670605134094e+00
8.250386678590594158e+00
8.286952990021310583e+00
8.102326457495546919e+00
8.813351836667907335e+00
9.185969963782568470e+00
8.154993940886610559e+00
8.688267216082486755e+00
8.287864660097401526e+00
8.897421695239271955e+00
8.154193253586436541e+00
8.071169884490039692e+00
8.931667803521445848e+00
8.261509418316837383e+00
8.802293003124246340e+00
8.433013296128324399e+00
8.082985650556421930e+00
8.786199331544491287e+00
8.593454801703884982e+00
8.986918164914056817e+00
8.255772660349615322e+00
8.272315503452926322e+00
8.431262227043204049e+00
8.318112258491705546e+00
8.343137777609138439e+00
8.818304001708474615e+00
8.613302028580720915e+00
8.098428292524769034e+00
8.547023711832197890e+00
8.655028405108138756e+00
8.667952615802924754e+00
8.450728992280120977e+00
8.504647864810644720e+00
8.703925840609899822e+00
8.099541011337741736e+00
8.174774544745455174e+00
8.066040646861749153e+00
8.331117977958887977e+00
8.320604619800400670e+00
8.654704986147308432e+00
8.679280374449371394e+00
8.153041599635356462e+00
8.325498478936276925e+00
8.144999040950626323e+00
8.367785685858272871e+00
8.311655684685581136e+00
8.442055519661195717e+00
8.085483330939943869e+00
8.606070837854623790e+00
8.575651008950329057e+00
8.554742525887146343e+00
8.611429612221620289e+00
8.318255960318206021e+00
8.640882668184099558e+00
8.540180841745502960e+00
8.437398414945201708e+00
8.269072591598789046e+00
8.264694848094958246e+00
8.616443151090647845e+00
8.392993128471605502e+00
8.657291745141659334e+00
8.556905350339535588e+00
8.484803320795808901e+00
8.450755410476043394e+00
8.115484695976643792e+00
8.026433730750778039e+00
8.653864691078471338e+00
8.206852169028829636e+00
8.236492611769094196e+00
8.050346090681285816e+00
8.521849455581973487e+00
8.065691740659080011e+00
8.544137100774197080e+00
8.230004230569843315e+00
8.299148617780748083e+00
8.067849630922371063e+00
8.572773997395165324e+00
8.354070581731367184e+00
8.017111776904135567e+00
8.421254869126114428e+00
8.686013669076972477e+00
8.313703250691771629e+00
8.084763951874364807e+00
8.242805939304698626e+00
8.327264482967651205e+00
8.506016112391870720e+00
8.195960224730825416e+00
8.213167897711260323e+00
8.462582216484049624e+00
8.380556119936052539e+00
8.037606954158125205e+00
8.395153400402653787e+00
8.076667973751010976e+00
8.065245842275409416e+00
8.045793028114344381e+00
8.439825745099984289e+00
8.441725393879279338e+00
8.281955996380792939e+00
8.213571365586096462e+00
8.154141495294544129e+00
8.272540663201947808e+00
8.128913243603060224e+00
8.510673783073688270e+00
8.049557772044055426e+00
8.044305872065114826e+00
8.486887163664057709e+00
8.162965042454638720e+00
8.047183468342728574e+00
8.187178282554581799e+00
9.109847088770436585e+00
8.264711426878058376e+00
8.309967901695676673e+00
8.086398808631980017e+00
8.047625349565601383e+00
8.250470251919299614e+00
8.921295014563765946e+00
8.324372263144521611e+00
8.273123583296372985e+00
8.674551032278149165e+00
8.141804501567490249e+00
8.337416140565290235e+00
8.368809424186567369e+00
8.013863251666297316e+00
8.023392323962367456e+00
8.364875999352934244e+00
8.074290488251511633e+00
8.343163326563145077e+00
8.009312537652760966e+00
8.364134949907640504e+00
8.064448813335255650e+00
8.187374244759384467e+00
8.188151860476237331e+00
8.266537852486610660e+00
8.102119074801336751e+00
8.270985191004660564e+00
8.108857471081611479e+00
8.256968700399079708e+00
8.230101724886823789e+00
8.273924436525486925e+00
8.204981020460078156e+00
8.270749508942328632e+00
8.001823503819514016e+00
8.208199161710329150e+00
8.115126063533391942e+00
8.104874204344644895e+00
8.342439886413870909e+00
8.220434749231904092e+00
8.397930857885830491e+00
8.152723445261839785e+00
8.170147028168246450e+00
8.062835514706787166e+00
8.078806483157789486e+00
8.037301099072864830e+00
8.509147910483909172e+00
8.119533660167189026e+00
8.133872383154640673e+00
8.950048007982546849e+00
8.056313791064216190e+00
8.072534269944913632e+00
8.026177674374226356e+00
8.291864349865207373e+00
8.059953263071085061e+00
8.097146876200554289e+00
8.559300187918404745e+00
8.326085578106713569e+00
8.336448819018084322e+00
8.139323373496837988e+00
8.088933847069768035e+00
8.537876479723355061e+00
8.177722986905914482e+00
8.129983518857766711e+00
1.130347011801574375e+01
1.116088634906724053e+01
1.100743427968231103e+01
1.101103888815170961e+01
1.108852257063718838e+01
1.058848560920064941e+01
1.061507575531523528e+01
1.045912389100596052e+01
1.061954195554983649e+01
1.062306600865714046e+01
1.067659301872767408e+01
1.095061988186967383e+01
1.062939212171193226e+01
1.082329501714475128e+01
1.062489530551994044e+01
1.070146815317165689e+01
1.065553053143181828e+01
1.036759563580379506e+01
1.048351687870605176e+01
1.084857393579053841e+01
1.069548301587823502e+01
1.071243335663842089e+01
1.065109210556436992e+01
1.043984476456109434e+01
1.033987681766621947e+01
1.044773567329643527e+01
9.767454431750801191e+00
1.061566837314205181e+01
9.912237661593795934e+00
1.052058947627874730e+01
1.030527980140617395e+01
1.059877087001910034e+01
9.708536769925611765e+00
1.061525001455473216e+01
1.047984576587106886e+01
1.007174731620730412e+01
1.020760285681169677e+01
1.024780539456782513e+01
1.033087847727361641e+01
1.049892813662068924e+01
1.026879386387010129e+01
9.587088447013968562e+00
1.039135981480348470e+01
1.000715067101775801e+01
9.640688688979341947e+00
1.020801792321586809e+01
1.019845966518510672e+01
9.688542529193096442e+00
9.031497347570727641e+00
1.004694465887201638e+01
9.571034957076077987e+00
9.614600368923653662e+00
9.371199556718364576e+00
9.962144177450031890e+00
9.335482020720295537e+00
9.352507598959023838e+00
9.735311179707847984e+00
1.014345850409405436e+01
9.441282100322510473e+00
1.005962753562283396e+01
9.340731950124881777e+00
9.558218807121381388e+00
9.559562561389190805e+00
9.392384941278965726e+00
8.702720694183810224e+00
9.192014407217456551e+00
9.002345723951183487e+00
9.803389571788475365e+00
1.016983208132431393e+01
8.877308742494811611e+00
9.063658402364504596e+00
8.997572573605390645e+00
9.320558421273235084e+00
9.371495044867668156e+00
9.347929189469427413e+00
9.593506525695692844e+00
9.492919739446254113e+00
9.598824818856147800e+00
9.534862743148321940e+00
9.813061144355955889e+00
9.729080904486515635e+00
9.698937852773275026e+00
1.002328997720923631e+01
9.672745816729300117e+00
9.686030057397282178e+00
9.124704557549708994e+00
9.205227248155052777e+00
9.773164243631336845e+00
8.935289599723402532e+00
8.759650125945604771e+00
9.407958536544674288e+00
9.453130230097755771e+00
9.708722846604958434e+00
9.397243376564478723e+00
8.597644029624587958e+00
8.752017713902443319e+00
9.237257306428933390e+00
8.292436357633107491e+00
8.597534837465921953e+00
8.385741502679019632e+00
9.929241811307946364e+00
8.667614129098511810e+00
8.966355524792147591e+00
9.857502932151925634e+00
9.431261519806867000e+00
9.476819682051282001e+00
9.109190043595303266e+00
9.159155764597224803e+00
8.541790591388673803e+00
8.364835982487800692e+00
9.431563488873125678e+00
8.230918825537504091e+00
8.500867833557162356e+00
9.646952116330069771e+00
8.073617354164458249e+00
9.152860617293756107e+00
8.934944544012125789e+00
8.320480683131867394e+00
8.521234358932003872e+00
8.289909445290522427e+00
9.194230404231884535e+00
8.507554416480125781e+00
8.228361734998440369e+00
8.940541313319322114e+00
9.086256756856148087e+00
8.372147724858788109e+00
8.075991149414532444e+00
9.411730537141751896e+00
8.940514671070481256e+00
9.109883972510541383e+00
9.713994267580625674e+00
9.236478730571523243e+00
8.805910838729857915e+00
9.343566213914360929e+00
8.173919767278903237e+00
8.191007436017082810e+00
8.318034905763189713e+00
8.975249942189085672e+00
8.270219233830054861e+00
8.330738529991275954e+00
8.668744851088121095e+00
8.200332526885375728e+00
9.346887161649478415e+00
8.650465485557861101e+00
8.484238466805955170e+00
8.505945415258610254e+00
8.939142018939504553e+00
8.714746969871667304e+00
8.111419502673008708e+00
8.086699310298399723e+00
8.351225030081355527e+00
9.296929490799161755e+00
8.204990960649778842e+00
9.205317568608329282e+00
8.802852867587867891e+00
8.155619070642783797e+00
8.879326124514227203e+00
8.257003795318675898e+00
8.285210518171490790e+00
9.172744691016935903e+00
8.260613943195238562e+00
8.005865798681773171e+00
9.259090588153522816e+00
9.314327803337210554e+00
9.133487442493139596e+00
9.386041963182291781e+00
8.346394211988593881e+00
8.194259450919126664e+00
8.079837509061922773e+00
9.197868877053650749e+00
9.100995269239810170e+00
8.215068025564303156e+00
8.016167811006685184e+00
8.660958376198902187e+00
8.141791633155298413e+00
8.257039827330052262e+00
8.925320057910193228e+00
8.751519575000072493e+00
8.310285798917432132e+00
8.652358893827850395e+00
9.053569933837716022e+00
8.855825559010190418e+00
8.632730771327002728e+00
8.732280025715782656e+00
8.479391486504665565e+00
8.062998436970088889e+00
8.286801680720547125e+00
8.673719534746103577e+00
8.875254778285473378e+00
8.984351080255125410e+00
8.089924793957621318e+00
8.955334798152239983e+00
9.015886162586056685e+00
9.249576260774869496e+00
8.687052051235538030e+00
8.951542839392086393e+00
9.118265966011790624e+00
8.771197964166123739e+00
9.501571537093257191e+00
8.113724302030528079e+00
9.259564137652313676e+00
9.093830442191411123e+00
8.047096707466618426e+00
8.575873344380831043e+00
9.139305688742245692e+00
8.188707182444895594e+00
9.112148172898971055e+00
8.434712739863845954e+00
8.123271609458287301e+00
8.097538528777889155e+00
9.435341725671923641e+00
8.126483361128160610e+00
9.321297255682436500e+00
8.340667863964776885e+00
9.297178942638964827e+00
8.310571137819872334e+00
8.011017638990281853e+00
8.881347276095770127e+00
8.686572110145617032e+00
8.827439648602901201e+00
8.237468532399326193e+00
8.022710162748305507e+00
9.158391099821859171e+00
8.425666742712008883e+00
8.940080966705249210e+00
8.211778881053781731e+00
8.536768729893879026e+00
9.212830472810288995e+00
9.052756001587431101e+00
8.666410952096901710e+00
8.662961531234122603e+00
8.324020094957846894e+00
8.771289880571966791e+00
8.712417539721778681e+00
8.753358371661043691e+00
8.530504268922097566e+00
8.773379359556132684e+00
8.496592632983151816e+00
8.671948663318007178e+00
8.856292288870307061e+00
9.089892495950486762e+00
8.283031815205129433e+00
8.378763264780824116e+00
8.698118628644879280e+00
8.406756183943196348e+00
8.473493342751661217e+00
8.245733366309524470e+00
8.322521494842728629e+00
8.288443747018368057e+00
8.832706985408817602e+00
8.037454962607842646e+00
8.772278415661652673e+00
8.009345078394702000e+00
8.712511077653411817e+00
8.126227652572691085e+00
8.439067014310722925e+00
8.214521339665852295e+00
8.841549548832063010e+00
9.005936479235350234e+00
8.896864157114649174e+00
8.786320624145918856e+00
8.584852359192653992e+00
8.541198790310060573e+00
8.611596424874999656e+00
8.534561301808706091e+00
8.442445796420706472e+00
9.089297983725929342e+00
8.631606186819272608e+00
8.816355144599507199e+00
8.201686693132362649e+00
8.496349024984645837e+00
8.243811767392630330e+00
8.346098877801466642e+00
8.363334329030672976e+00
8.065068824017467719e+00
8.023060640162043455e+00
9.138172881814599080e+00
8.814132102674889779e+00
8.040557388489457225e+00
8.700941083472633508e+00
8.003466326804074882e+00
8.229048132272296812e+00
8.277620023507918035e+00
8.339485669737619844e+00
8.311251450017083542e+00
8.386149480432374403e+00
8.732988381578076442e+00
8.732170657040059680e+00
8.302899091055650160e+00
8.477400858267817085e+00
8.053975735692668891e+00
8.139035356349761940e+00
8.051148441073864959e+00
8.119705353892491928e+00
8.365414122762668825e+00
8.132957280154681001e+00
8.506948982747523758e+00
8.225801908348344682e+00
8.307863151295556747e+00
8.006656219689009646e+00
8.188364029689541468e+00
8.023303245486095747e+00
8.056919121252976268e+00
8.101639746830258559e+00
8.631666414542886301e+00
8.199933257624596905e+00
8.384792775271533216e+00
8.002760310632629270e+00
8.194321613404804694e+00
9.429854647037997140e+00
8.017020350633270453e+00
8.449713224047503246e+00
8.273988621821867895e+00
8.067612440307751598e+00
8.534845452603629923e+00
8.014393724525794127e+00
8.115271593035664921e+00
8.223360418952623263e+00
8.475609518937828213e+00
8.407574790102245288e+00
8.530534838040118473e+00
8.067386930295077363e+00
8.546838236008415635e+00
8.004965145357395784e+00
8.360852389214670666e+00
8.476153218168336778e+00
8.113508277812124803e+00
8.078897557529607809e+00
8.087341371218071728e+00
8.166431752720194837e+00
8.242193578603679072e+00
8.355895135390341011e+00
8.475416548434495212e+00
8.034298895248630501e+00
8.338605791622706320e+00
8.379372242543702498e+00
8.059521215696721086e+00
8.029257333964785914e+00
8.042516568331702587e+00
8.393564153481186452e+00
8.465981228509265932e+00
8.133680157641734354e+00
8.004137104515596235e+00
8.175650424935533067e+00
8.044827377495723297e+00
8.191942372380609072e+00
8.235417171600895259e+00
8.386405746553434071e+00
9.299453081708223934e+00
8.129723682961600417e+00
8.008596063423595979e+00
8.311405180131812287e+00
8.103090948511578517e+00
8.270066974735687637e+00
8.040836366641727295e+00
8.164227074805573636e+00
8.184087695227107773e+00
8.076467231614735454e+00
8.034041489532318892e+00
8.387345456795683774e+00
8.106254141342658315e+00
8.013735871489378937e+00
8.421473463910606583e+00
8.006656458678802935e+00
8.451286785429273252e+00
8.047296365787198980e+00
8.049648408097240804e+00
8.958401122993496557e+00
8.992317745961141640e+00
8.079073041085866436e+00
8.360976740857989142e+00
8.870729258543182283e+00
8.839641770321136960e+00
8.534650260619939033e+00
8.741996456518194236e+00
8.500243079837126459e+00
8.521216965431801071e+00
8.060824895984820770e+00
8.205078091559363074e+00
8.076073887877980084e+00
8.327807752376120476e+00
8.189783303544132309e+00
1.139359461469726753e+01
1.154519285980061483e+01
1.101741276534514746e+01
1.089047034819172310e+01
1.150600745818726445e+01
1.099526703320757193e+01
1.066509324430526284e+01
1.066220549270942364e+01
1.057067697288488439e+01
1.087985267284477331e+01
1.096484591724085611e+01
1.039577706709539839e+01
1.071526096099838909e+01
1.046436989563687092e+01
1.049382254660876690e+01
1.104122999667829141e+01
1.061726005952651519e+01
1.071265711337889570e+01
1.072144056666623868e+01
1.050818599712584245e+01
1.057884504246640311e+01
1.077940263726058845e+01
1.074821575369117177e+01
1.058630178276036204e+01
1.085685920419634520e+01
1.092393033125135027e+01
1.086376204413769031e+01
1.065581474400468132e+01
1.057176182416199950e+01
1.070537555234749760e+01
1.048674610504536986e+01
1.063399377460141615e+01
1.042584296002802979e+01
1.049022542126909485e+01
1.035457225852981900e+01
1.044898405881835579e+01
1.041405312715999187e+01
1.033241160510219459e+01
1.047123556846077008e+01
1.073530804656139281e+01
1.014813866344230675e+01
1.020756151132678724e+01
1.057554844533971306e+01
1.031064957969044471e+01
9.961625795621699808e+00
1.054193463126441799e+01
1.013998816742651599e+01
1.035957291881528874e+01
1.057823407545191863e+01
1.040589679002966861e+01
9.854012383351232529e+00
1.046260326617082015e+01
1.035076935563177081e+01
1.028064158657354632e+01
1.018712417121255953e+01
1.003391149719828768e+01
1.015199681576381252e+01
1.034360975009664330e+01
1.027173846680729241e+01
9.581792762667838304e+00
1.032980671959498231e+01
1.035519520342518618e+01
1.023831449089114365e+01
9.900051148917228261e+00
1.036163940054635013e+01
9.639719034035538314e+00
1.013038704046790173e+01
1.018668415790075343e+01
9.530715833707311901e+00
9.653363592520038949e+00
1.034234912079047319e+01
9.842168011780289660e+00
9.892216067888554676e+00
1.004524326694290615e+01
9.930086434906392867e+00
9.080775067944745871e+00
9.677385760840826023e+00
9.833965488866144966e+00
9.907882833992001537e+00
9.932248628563728587e+00
1.004817337972153801e+01
9.897452747398746808e+00
9.949379557895332127e+00
9.912347429431106249e+00
9.980420645861093121e+00
9.309763121769153216e+00
9.499803696682539211e+00
1.016580589881942487e+01
8.825816214929711023e+00
9.855666472311375159e+00
9.630048772255754841e+00
9.899994676020469342e+00
9.314410423523344917e+00
9.213387782705218854e+00
9.943721661942895196e+00
9.494567047649345781e+00
9.300538084401313910e+00
9.495166212374009262e+00
9.449436114813581256e+00
1.001985565954879220e+01
9.798407238280402609e+00
9.727463914890758900e+00
9.638422962393226712e+00
9.786347963895737578e+00
1.006574812542789665e+01
9.922332481806355631e+00
8.947125497173781028e+00
9.498942858096738107e+00
9.818227619551562313e+00
9.342324300647186774e+00
9.270346871454682613e+00
1.003413687268384180e+01
9.832569973412816466e+00
9.265790447279766084e+00
9.229871627942534573e+00
9.644025493907987467e+00
9.790102989639665410e+00
8.412874454423217685e+00
9.853717744584068683e+00
9.367234714675984009e+00
9.492454754167026110e+00
9.669138004840046818e+00
9.665317941912464406e+00
9.675664686091840494e+00
9.419934851416050137e+00
9.081884415332195815e+00
9.812521130615953879e+00
9.031139866661726856e+00
9.434147648152050536e+00
9.386441066846201053e+00
9.541543041654882984e+00
9.399542805794263600e+00
8.791055745625341089e+00
9.132193730740514326e+00
9.911885298407005607e+00
9.599136292196950748e+00
9.325677248648112538e+00
9.732797985252334527e+00
9.435210558642660672e+00
9.481736207014904494e+00
9.460165932172973413e+00
9.906853764962425757e+00
9.352951271838611191e+00
8.803659328089969094e+00
9.218996594579616399e+00
8.513534762745901929e+00
9.538933909481430717e+00
9.729597450471224818e+00
9.088467654332477608e+00
9.763713703860265269e+00
9.468251347666935658e+00
9.544508910010618408e+00
9.755381010419041488e+00
8.678265338809737273e+00
9.094282055612934457e+00
9.389066182621343515e+00
9.148265618035452462e+00
9.091195477368826161e+00
9.495532253841410864e+00
9.145000674618195546e+00
9.642741581293421405e+00
9.568369186584563479e+00
9.454552517228334452e+00
8.717474491482391841e+00
8.668858201982915901e+00
8.861617462978182758e+00
9.562690557447137252e+00
9.270811398705367523e+00
8.869001882826484717e+00
9.524114670801226978e+00
9.505189604693789818e+00
9.600165516578224256e+00
9.208728897330788143e+00
9.000326208917329041e+00
9.353563310239922046e+00
9.204376815226632758e+00
8.171000607620086953e+00
8.960903415959714735e+00
8.908648534361853777e+00
8.778458204474340221e+00
8.981970612879960569e+00
8.972817922693502979e+00
9.209750881587755345e+00
9.460076111258910458e+00
9.186159405732132299e+00
9.683416716585663053e+00
9.208811130349989327e+00
9.568255946888211128e+00
9.528463382128368409e+00
9.150563612636132049e+00
9.444270071296902103e+00
8.468752935066605758e+00
8.584842680320598163e+00
9.685200744785356974e+00
9.319200990719595623e+00
8.176108344537272643e+00
9.570224965247042803e+00
9.543551156494093135e+00
9.343963744903790669e+00
9.363811609398668523e+00
9.040853419928636114e+00
9.255636319456016281e+00
8.829226700588689525e+00
9.635200657900254484e+00
8.505022269320994255e+00
8.238241570316704454e+00
9.228296435648266183e+00
9.033148791116206056e+00
9.297736401138831042e+00
8.841053537017543817e+00
8.799774135340994619e+00
8.626777096249048427e+00
9.050924712206883882e+00
9.488684325702054778e+00
9.000685669577407566e+00
9.428377755888831757e+00
9.126776522542881409e+00
9.108643484111462740e+00
9.111728480063151281e+00
9.302043064231833469e+00
9.482853473492426133e+00
8.754705120935094342e+00
9.005529363759137595e+00
8.305010945207213169e+00
8.321686566490228643e+00
8.106642700820287928e+00
9.021317186505946495e+00
8.485507087183945529e+00
8.400599212184651776e+00
9.296337862023712262e+00
9.299976752619258491e+00
8.893103572243985511e+00
9.132917414590510319e+00
8.494938439146869413e+00
8.833706175974960217e+00
9.118903428507891817e+00
8.501304530110838087e+00
9.118289771313278891e+00
9.209345165866244187e+00
8.334172378596312214e+00
8.647617780743576787e+00
9.227797434187438697e+00
8.965941425705784340e+00
8.289480581156444927e+00
9.088056688649693626e+00
9.369424632424623312e+00
8.153794115564071632e+00
9.420296285311636098e+00
9.035182484014754323e+00
8.831597165000779626e+00
8.154794502127506561e+00
8.403841823394120780e+00
8.006882683188077721e+00
8.799349801328823162e+00
9.384157255398090314e+00
8.422169291012524539e+00
9.062348959663035330e+00
9.081790909707834203e+00
8.591521072533602421e+00
8.518366931333698489e+00
8.206289451945512070e+00
8.710919791881739371e+00
8.960538975666787920e+00
8.827977363771172037e+00
9.152710486589713312e+00
8.497285006111134464e+00
9.128450579148855937e+00
8.181723781633360559e+00
8.852771874638341032e+00
8.251076188560004354e+00
8.594779703114912905e+00
9.300109298438730576e+00
8.823884155050000899e+00
8.629988365277624141e+00
9.150173465557990937e+00
8.628616176796482407e+00
9.427508550605770310e+00
9.176253378498390845e+00
9.462852938398693681e+00
8.255417306841641434e+00
8.698572867959878607e+00
9.346526451345557263e+00
8.405775292060059911e+00
9.373581864019422838e+00
8.712724489532366334e+00
9.003360045999592387e+00
8.063793101027462384e+00
8.128771733923022325e+00
8.409219242570548758e+00
8.451710914603676628e+00
9.219510060544459762e+00
8.325632840207791929e+00
8.697839362031061228e+00
8.296402081292690411e+00
9.008272595320843124e+00
8.386926355130110977e+00
8.365014388772229026e+00
8.593141842911720119e+00
8.732146555662009035e+00
8.291761270395452854e+00
8.875593945923110795e+00
9.567144120546190678e+00
8.748415061092927658e+00
8.269836095728209102e+00
8.696882378069567210e+00
8.950606476426459679e+00
8.593847383604867218e+00
9.324506498092254958e+00
9.094871661217515779e+00
8.056250049170831318e+00
8.837600586862224716e+00
8.630481107317253375e+00
9.024971747707372316e+00
8.234709158482784730e+00
8.201023606433382795e+00
8.676373965167163860e+00
8.784813882919843664e+00
8.448573944269980984e+00
8.443701666853614896e+00
9.011550635918457175e+00
8.847804658472316675e+00
8.074243990540701077e+00
8.442388607760511476e+00
8.182678896517678879e+00
8.477304053152101559e+00
9.141310851750326094e+00
8.993685419582195806e+00
8.084502130356810312e+00
8.701841218733141758e+00
8.713323714443099277e+00
8.423103900141803990e+00
9.045785129423851600e+00
8.768436598525553904e+00
8.266282962731292372e+00
8.995781331859372898e+00
8.410860255815492792e+00
9.261897933840721464e+00
8.149399086153556127e+00
8.034454423702793946e+00
8.272844003591584894e+00
8.341212885086209283e+00
9.039880725528123051e+00
8.619461086606497346e+00
8.457864387996000488e+00
8.129140188123852084e+00
8.977801897835815836e+00
8.407929350704870686e+00
8.334292881592579860e+00
8.946155999691638883e+00
9.039290191157572707e+00
9.015662279075504770e+00
8.893750971872089295e+00
8.528936927393283796e+00
8.917400712513087413e+00
8.133628244838702059e+00
8.223712536977517473e+00
8.072933771869706732e+00
8.850799373739015152e+00
8.060853902729382625e+00
8.358756424548499098e+00
8.114013484177284852e+00
8.338586205324562073e+00
8.838640206775146169e+00
8.081094914790666550e+00
8.532462681997696308e+00
8.469214260480947942e+00
8.007641372797857926e+00
8.429419751010890138e+00
9.256210342761296062e+00
8.809777159714849759e+00
8.114785300893183617e+00
8.787791063739961217e+00
8.542066616420713743e+00
8.701419603109068035e+00
8.009956090552160290e+00
8.090446976594707351e+00
8.901784172254931349e+00
8.548738922493754444e+00
8.113014331463567430e+00
8.472399769259176594e+00
8.099478516020365504e+00
8.900673282007549147e+00
8.564745000676234454e+00
8.710928291201240015e+00
8.304134522625940207e+00
9.025614550473216369e+00
8.196256143060150379e+00
8.133428652793870839e+00
8.533380198945271999e+00
8.305270931987761784e+00
8.926776285900711372e+00
8.403072875284157917e+00
8.049913099946619965e+00
8.414396887271131220e+00
8.142016498265887137e+00
9.005902070087730138e+00
8.021646332901397614e+00
8.892051258787999402e+00
8.729892661692465694e+00
8.107167108205926453e+00
8.448728467872273384e+00
8.437271373043355283e+00
8.328796008876549806e+00
8.537518571701298242e+00
8.461550872686020242e+00
8.079152228255960466e+00
8.861897142442098030e+00
8.417910019187463178e+00
8.457436269026672448e+00
8.668203598658806186e+00
8.936182975017976204e+00
8.669557734972354268e+00
8.363002045541295004e+00
8.845883617223481821e+00
8.164347020586992798e+00
8.146748752967976515e+00
8.346525941408849292e+00
8.078464513972077654e+00
8.464512272134562920e+00
8.071748494327744439e+00
8.726624180949002607e+00
8.530336839803055682e+00
8.545498199819206775e+00
8.107082753739341285e+00
8.160916312567577435e+00
8.524059551363357912e+00
8.032867829002853455e+00
8.150455548199824207e+00
8.282953309439978540e+00
8.857590811172929790e+00
8.487588011507776642e+00
8.183823603617044640e+00
8.060401951030918610e+00
8.001836553486315395e+00
8.622313763369129802e+00
8.408055091964078187e+00
8.510462921638803024e+00
8.518867372466932153e+00
8.654953141268451944e+00
8.580768940798808586e+00
8.420412480916718678e+00
9.027480566409469276e+00
8.040537825674125116e+00
8.349318501401393533e+00
8.055016433601622339e+00
8.289493332790929259e+00
8.605313200594206791e+00
8.435458096709105291e+00
8.079848312116325815e+00
8.345763827884599806e+00
8.398635337759909447e+00
8.337643609994216831e+00
8.825572257813469434e+00
8.609943520382628890e+00
8.001514829337519785e+00
8.062710727273170619e+00
8.550507053301942051e+00
8.391992984020673063e+00
8.105128603431063894e+00
8.019972567753381298e+00
8.447873652548077317e+00
8.424658809942867421e+00
8.632495943585707820e+00
8.182529212888315584e+00
8.653940682156148867e+00
8.452846482341870527e+00
8.672226427725775011e+00
8.299626886473870258e+00
8.472697801916480032e+00
8.270678727326465918e+00
8.155578450406171243e+00
8.024709845122577789e+00
8.284632981552839226e+00
8.110561505416912453e+00
8.001839976945085198e+00
8.116724985057507169e+00
8.029792909929859945e+00
8.353307763140652042e+00
8.506569685176845752e+00
8.199962354173882417e+00
8.063082603523522351e+00
8.128189396660914667e+00
8.155501185148951393e+00
8.696687416631711187e+00
8.137557423299423220e+00
8.522618827403364961e+00
8.295167915817216908e+00
8.103213938290757312e+00
8.215165874926004363e+00
8.120882685742056850e+00
8.605904935721660820e+00
8.519208576840149760e+00
8.192682921254608175e+00
8.294705106073562817e+00
8.299995054262627292e+00
8.443801425431312069e+00
8.305734827342046600e+00
8.170161625429189556e+00
8.343278645234647684e+00
8.157741266030665628e+00
8.211159940095710041e+00
8.466672528376424367e+00
8.122627746987875597e+00
8.225397758733647535e+00
8.252925046352537208e+00
8.582895032938099078e+00
8.230654746748585993e+00
8.075218514177448625e+00
8.356832344492431730e+00
8.322799524914096025e+00
8.024063657468863298e+00
8.469220411472342391e+00
8.281558459486246804e+00
8.306042683013902916e+00
8.568383068480962095e+00
8.117633810484884194e+00
8.386856255287122863e+00
8.059675973097000679e+00
8.553099942770057140e+00
8.151749956917708317e+00
9.160551010400425298e+00
8.039934962312377920e+00
8.135703986167152735e+00
8.320551027815399792e+00
8.178791212659938026e+00
8.118444030568046088e+00
8.244296640595758063e+00
8.003306759366269674e+00
8.233414304418097629e+00
8.637062319132352783e+00
8.100106919306666597e+00
8.125785181599978202e+00
9.064807213173253331e+00
8.120783680779970481e+00
8.210408629804488712e+00
8.579407264168835923e+00
8.373595923069517610e+00
8.016550549380175639e+00
8.041788256402517376e+00
8.337632233775277513e+00
8.025691909902599619e+00
8.466638746384280267e+00
8.095012223356022218e+00
8.088899800925210215e+00
8.191393985773199660e+00
8.250660788049184902e+00
8.210716231665866616e+00
8.205790627155838735e+00
8.111130873538995090e+00
8.223049304247386004e+00
8.180780512831054452e+00
8.383487052012775109e+00
8.005325638845198100e+00
8.229874648802242731e+00
8.067058826289978057e+00
8.286843890494370868e+00
9.024153138707648125e+00
8.050518806121774062e+00
8.059186159865383559e+00
8.137085852367819783e+00
8.000458092037590063e+00
8.088004712598504398e+00
8.152217701937360061e+00
8.109289594630020304e+00
8.799666166109039622e+00
9.054513963362579076e+00
8.166109824594064648e+00
8.789392381130380016e+00
8.051193991226847757e+00
8.594742190414891070e+00
8.517160317920726698e+00
8.426629272789789127e+00
8.125846365193520882e+00
8.444656236908553382e+00
8.351866287877433237e+00
8.263257875583171597e+00
8.402398494672974394e+00
8.194480134006257188e+00
1.108425803367562068e+01
1.102875772037923774e+01
1.106914762307444633e+01
1.103795911247617667e+01
1.126643499087055389e+01
1.096884300723755779e+01
1.124017208011913382e+01
1.030991922458151677e+01
1.078908495439714699e+01
1.067254192657190259e+01
1.073286762476931600e+01
1.087405636117811802e+01
1.113340898401268397e+01
1.112800795426275968e+01
1.072905695468005760e+01
1.077792166745918756e+01
1.083780077888102156e+01
1.083357077762713416e+01
1.087943065700602574e+01
1.101909392835813506e+01
1.048645470845835703e+01
1.056256847035126967e+01
1.099782573645584272e+01
1.060781752599032401e+01
1.084410821682182480e+01
1.053962953097119026e+01
1.081786878294827936e+01
1.033527262237971911e+01
1.069966774342211124e+01
1.008906690926319527e+01
1.061248528510832756e+01
1.075621030270079892e+01
1.041889829416749080e+01
1.008662350062799717e+01
1.067722983190446584e+01
1.037874861446640828e+01
1.010115393316796073e+01
9.838261417968494627e+00
1.021119543510107519e+01
1.009882495000776892e+01
1.018166609110347309e+01
1.005402140745205308e+01
1.002970200718758242e+01
9.891117554340617346e+00
1.043238034069748998e+01
9.671224042914952079e+00
1.054099189243772017e+01
1.003602393673540938e+01
1.012331035945989477e+01
1.041443321412048029e+01
1.020810199826639142e+01
9.957077774369231804e+00
1.000824954643281295e+01
1.016650549119390234e+01
9.658462330434961274e+00
9.749022834303788798e+00
9.831097363270108858e+00
1.000689835883658141e+01
9.810653320247723741e+00
9.745795318149252040e+00
9.599337174670523609e+00
9.263662992546205288e+00
9.766955929061653663e+00
1.018777707358167639e+01
9.922073682150926999e+00
9.829332349999823748e+00
1.006655755655125262e+01
9.563712826318388593e+00
9.894849522601068870e+00
9.784016248320336118e+00
9.266891445459021881e+00
9.201449122047742790e+00
9.673176347026796407e+00
9.907131281440719306e+00
9.767244871062541023e+00
9.596801591186579827e+00
9.680614578018467142e+00
1.011941313859932023e+01
1.022098581764624825e+01
9.616820920305862330e+00
9.644442184374147686e+00
9.524079357994008177e+00
9.560227591673601921e+00
9.755054580801814978e+00
9.068433804639939311e+00
9.593418271893877858e+00
8.846245906803396508e+00
9.620365146070778195e+00
9.968867730786246995e+00
9.805658331989494769e+00
9.275919870920061427e+00
9.461817215973390205e+00
9.727549238752962069e+00
9.847943873493207434e+00
9.363174455251030537e+00
9.114514492970908321e+00
9.526623577423881883e+00
9.510394303437168517e+00
9.994519493618895467e+00
9.873908914810916926e+00
8.691317785910362304e+00
9.999523566377517270e+00
9.082698983671971149e+00
8.732003298729047458e+00
9.753050290652700127e+00
9.586883827378386513e+00
1.005586439245118413e+01
9.476297879024068394e+00
8.812688124174748339e+00
9.932619170605923031e+00
8.572889119241880351e+00
9.081010240978422132e+00
9.619962635765858749e+00
8.873301919784005065e+00
9.336733225183261098e+00
9.690008982442778418e+00
9.103672960418967008e+00
8.712173248619164312e+00
9.819923526173239381e+00
9.223101478688562338e+00
9.254926087504536270e+00
8.879666312131222483e+00
8.526585291884289930e+00
8.009653816994726228e+00
9.753149973388326899e+00
8.920929492948195261e+00
9.576941535625138613e+00
8.228819453697918007e+00
9.609020824200374733e+00
9.273387146660649449e+00
9.120748084924930055e+00
9.860228250479460499e+00
8.814591437966372567e+00
9.235730498275701805e+00
9.600488533165353999e+00
8.838781499090204719e+00
9.426851991384291196e+00
8.735299198157575162e+00
8.519563354577860181e+00
8.843915385739613555e+00
9.094689074450110766e+00
9.233146073853363944e+00
9.183648472628084036e+00
8.910373221708297820e+00
8.858513535572468456e+00
9.770008080068189216e+00
9.503597598656938317e+00
9.405279270453508644e+00
8.452230357311817599e+00
8.620585547714210151e+00
9.693746719065355677e+00
8.530201131932106051e+00
9.558154229144619762e+00
8.894562764659974974e+00
9.308117385908474262e+00
9.377906588637637597e+00
9.560114382753917894e+00
8.772113301048882761e+00
8.287699988293132591e+00
8.068646008521625390e+00
9.140067692624171514e+00
8.699179442497344539e+00
8.897424645658666975e+00
8.891008990609988061e+00
8.928934021055177084e+00
9.525438415238863143e+00
9.574167958641607967e+00
8.779288382741393448e+00
8.620032587421722070e+00
8.389858597573342180e+00
8.565131504945050267e+00
9.272617714291227387e+00
8.988402134174817704e+00
9.302297340199716658e+00
8.740309117532049754e+00
9.015913769491831431e+00
8.407732492692595372e+00
9.105499162283273051e+00
8.101438024009846472e+00
8.495409316024552737e+00
8.708343425234549073e+00
9.237584007112763729e+00
8.132704521880777193e+00
8.404941821515972578e+00
8.896333715022922917e+00
8.549622952147874599e+00
9.238001830180465390e+00
9.044170551406326197e+00
8.402595672027057816e+00
8.554419967400274771e+00
8.362815618515703875e+00
8.773185562005510363e+00
8.993909435898530091e+00
8.665857527347455402e+00
8.060574161816202121e+00
8.611450353510331723e+00
8.841947738771310128e+00
9.079750139160715605e+00
8.107546358593427982e+00
9.039047062536965882e+00
8.897907711326567437e+00
8.941386448688456667e+00
9.052166086006673495e+00
8.100564711235506365e+00
8.484806022948815141e+00
8.492122568316727182e+00
8.877088589917526917e+00
8.412806200464592266e+00
9.156009068950764274e+00
9.457390101390378945e+00
8.581915381978769020e+00
8.667153988713620194e+00
8.096979032457902292e+00
8.412413758800790120e+00
8.403334051138383387e+00
8.023148694682637583e+00
9.289639854183327827e+00
8.973929425874066723e+00
8.027414871301642663e+00
8.413323762259448557e+00
9.282590809956355216e+00
9.393920974290997705e+00
8.867796620965700427e+00
8.826275383446670730e+00
8.955021965179058796e+00
8.338529481686318690e+00
8.966464143803664300e+00
8.399184800663928030e+00
8.618076460257686477e+00
8.112764355288414109e+00
8.797447634649110171e+00
8.098155837473886010e+00
9.069376912617771680e+00
8.450129796217280997e+00
8.192557338451091908e+00
8.936612312968895466e+00
8.790565496945728086e+00
8.830095035649447865e+00
9.155165955437595926e+00
9.170522688563249147e+00
8.678465455725026700e+00
9.109603597604296610e+00
8.091449193421786035e+00
9.170741483190786525e+00
8.210800080758506425e+00
8.507543656556974199e+00
8.549114070252567643e+00
8.099862576866929231e+00
8.114476589626738345e+00
8.536809155258076487e+00
8.909165750731572686e+00
8.324763094582994682e+00
8.792465419837565577e+00
8.950207488167421843e+00
8.130316582029147199e+00
9.179060148825147536e+00
8.278003609110731631e+00
8.846884746034577418e+00
8.586873288933919213e+00
8.459174546439285791e+00
9.047806722501912091e+00
8.257244548777443072e+00
8.201609659763180460e+00
8.387276120971785431e+00
8.408899652687901849e+00
8.341298568119650980e+00
8.106036744619940393e+00
8.143274648538142202e+00
8.411709102130599192e+00
9.006274935238250734e+00
8.452179240628295176e+00
9.119645995032298558e+00
9.178595155893715329e+00
9.070105053673485074e+00
8.499298085977805783e+00
8.091572412220520150e+00
8.708298298029616191e+00
8.111461935641179011e+00
8.850854344862835177e+00
8.474225380054415169e+00
8.575976265959784683e+00
8.161709951543761221e+00
8.253610631419286747e+00
8.103491908457925774e+00
8.012851094713285605e+00
8.177632877616151319e+00
8.315783160264446749e+00
8.471729163711680499e+00
8.082322389529872808e+00
8.251364964154747739e+00
8.288193149945398019e+00
9.154704379223955968e+00
8.145821209333282908e+00
8.640360378496460214e+00
8.079135980724927890e+00
8.859065666651584792e+00
8.527946789102140102e+00
8.734660954528589372e+00
8.354800329809242143e+00
9.177254198167661414e+00
9.077045903782005709e+00
8.266613865561025065e+00
8.663175535223386348e+00
8.528402054831916601e+00
8.864638384160533846e+00
8.986941607195046089e+00
8.750655065680135181e+00
8.785169163339368481e+00
8.977176345978413963e+00
8.574067998363469556e+00
8.844480037117126159e+00
8.431281555726060972e+00
8.868163490982608366e+00
8.848359691113980574e+00
8.414658006138596491e+00
8.388123672170385348e+00
8.584463856622560840e+00
8.428610886662252000e+00
8.272060913349667644e+00
8.325550011302423670e+00
8.785029819761486891e+00
8.614824806755237319e+00
8.938853170106481727e+00
8.148019953826317163e+00
8.846547545700563120e+00
8.865022412833509335e+00
8.308118810463946957e+00
8.466940591848029385e+00
8.695437912855446427e+00
9.113202714972587160e+00
8.077133494250448464e+00
8.507381923915357191e+00
8.443290568898317972e+00
8.072984307750026289e+00
8.793958736659451603e+00
8.398256226526438439e+00
9.006417602438093084e+00
8.074065691815125234e+00
8.589588768164119870e+00
8.831670878986715323e+00
8.604169853264888701e+00
8.590922842284824057e+00
8.093750203808713906e+00
8.911204302928425136e+00
8.735132088636355263e+00
8.894548162327689411e+00
8.858027382212977585e+00
8.774713115530687446e+00
8.226740936483521338e+00
8.058753984222999378e+00
8.363251062939690783e+00
8.786132067434863302e+00
8.852571137873862739e+00
8.103723993110723001e+00
8.585159067690153023e+00
8.431139162573161983e+00
8.428440318397006692e+00
8.380079773406924559e+00
8.737266540098369560e+00
8.518961465480414219e+00
8.221454722387125713e+00
8.624739444090121054e+00
8.863109419359316732e+00
8.238589584402548738e+00
8.135679926864774814e+00
8.634509958464047230e+00
8.392947961291396197e+00
8.284930471679452069e+00
8.041192535214545245e+00
8.747216982979082900e+00
8.013311144695679289e+00
8.044850177014545523e+00
8.192111093448241732e+00
8.415740049386013055e+00
8.053270948776878768e+00
8.111434461080367697e+00
8.016506784868667523e+00
8.228853459887666588e+00
8.647529091702084614e+00
8.339518911840006155e+00
8.520027635760584417e+00
8.495722537204192903e+00
8.301608031161871182e+00
8.230639859601769359e+00
8.584447134960445425e+00
8.371647828895820709e+00
8.472938160908020322e+00
8.452619332323580537e+00
8.344481205310893657e+00
8.125047879167635045e+00
8.019959820043020216e+00
8.771923204836035382e+00
8.112314691091905061e+00
8.531477513106880295e+00
8.133313066961894933e+00
8.055770085771776223e+00
8.643642107806229546e+00
8.091421144056566206e+00
8.224797987156375001e+00
8.178525166643593636e+00
8.214834527578517509e+00
8.457285321417911561e+00
8.261185906890441188e+00
8.098845980804799893e+00
8.437249767198968797e+00
8.040268646185941392e+00
8.136412708244080250e+00
8.180516590532521448e+00
8.393813894147927002e+00
8.015318943712927080e+00
8.048754246245465538e+00
8.183537245722686038e+00
8.011649654947404997e+00
8.290764662715190525e+00
8.100674913715792513e+00
8.029712273790220678e+00
8.219914624376599477e+00
9.285547324956691995e+00
8.165494209380751656e+00
9.275154367117620424e+00
8.489062721165520742e+00
8.018739524126001328e+00
8.309839980055066633e+00
8.328039700962589720e+00
8.143222677627036887e+00
8.135760208122368553e+00
8.403353736856187695e+00
8.374821635125950792e+00
8.081662202700961473e+00
8.064857526080400518e+00
8.034680404947707189e+00
8.207109078103671962e+00
8.442246947237221022e+00
8.324194335797630018e+00
8.002879378958313694e+00
8.007902832175531671e+00
8.483491189715175906e+00
8.043721240516275017e+00
8.073431488849966087e+00
8.327296998552268903e+00
8.316929384828393168e+00
8.199396408446704143e+00
8.012366302445427024e+00
8.013658900239571281e+00
8.039044733485461336e+00
8.099423057163186002e+00
8.165247176881202051e+00
8.171888943597451771e+00
8.707900595914114916e+00
8.248162610261768890e+00
8.890791598621722969e+00
8.150010583161895639e+00
8.297651908361922679e+00
8.389884935977013569e+00
8.381792631293766505e+00
8.534873593062149766e+00
8.054292811512407724e+00
8.452573625560111381e+00
8.236026330546076579e+00
8.493018304306378496e+00

